{
 "cells": [
  {
   "cell_type": "markdown",
   "metadata": {},
   "source": [
    "### Lab 2.2: Perceptron Algorithm in PyTorch\n",
    "\n",
    "In this lab you will again implement the perceptron algorithm, but this time using PyTorch."
   ]
  },
  {
   "cell_type": "code",
   "execution_count": 1,
   "metadata": {},
   "outputs": [
    {
     "name": "stdout",
     "output_type": "stream",
     "text": [
      "Collecting torch\n",
      "  Using cached torch-2.6.0-cp310-none-macosx_11_0_arm64.whl (66.5 MB)\n",
      "Collecting filelock\n",
      "  Using cached filelock-3.17.0-py3-none-any.whl (16 kB)\n",
      "Collecting sympy==1.13.1\n",
      "  Using cached sympy-1.13.1-py3-none-any.whl (6.2 MB)\n",
      "Requirement already satisfied: typing-extensions>=4.10.0 in /Users/ishaansathaye/Git/CalPolyCourses/CSC487-DeepLearning/env/lib/python3.10/site-packages (from torch) (4.12.2)\n",
      "Collecting fsspec\n",
      "  Using cached fsspec-2024.12.0-py3-none-any.whl (183 kB)\n",
      "Collecting networkx\n",
      "  Using cached networkx-3.4.2-py3-none-any.whl (1.7 MB)\n",
      "Collecting jinja2\n",
      "  Using cached jinja2-3.1.5-py3-none-any.whl (134 kB)\n",
      "Collecting mpmath<1.4,>=1.1.0\n",
      "  Using cached mpmath-1.3.0-py3-none-any.whl (536 kB)\n",
      "Collecting MarkupSafe>=2.0\n",
      "  Using cached MarkupSafe-3.0.2-cp310-cp310-macosx_11_0_arm64.whl (12 kB)\n",
      "Installing collected packages: mpmath, sympy, networkx, MarkupSafe, fsspec, filelock, jinja2, torch\n",
      "Successfully installed MarkupSafe-3.0.2 filelock-3.17.0 fsspec-2024.12.0 jinja2-3.1.5 mpmath-1.3.0 networkx-3.4.2 sympy-1.13.1 torch-2.6.0\n",
      "\u001b[33mWARNING: There was an error checking the latest version of pip.\u001b[0m\u001b[33m\n",
      "\u001b[0m"
     ]
    }
   ],
   "source": [
    "!pip install torch"
   ]
  },
  {
   "cell_type": "code",
   "execution_count": 2,
   "metadata": {},
   "outputs": [],
   "source": [
    "import numpy as np\n",
    "import torch"
   ]
  },
  {
   "cell_type": "markdown",
   "metadata": {},
   "source": [
    "PyTorch is very similar to NumPy in its basic functionality.  In PyTorch arrays are called tensors."
   ]
  },
  {
   "cell_type": "code",
   "execution_count": 3,
   "metadata": {},
   "outputs": [
    {
     "data": {
      "text/plain": [
       "tensor(5)"
      ]
     },
     "execution_count": 3,
     "metadata": {},
     "output_type": "execute_result"
    }
   ],
   "source": [
    "a = torch.tensor(5)\n",
    "a"
   ]
  },
  {
   "cell_type": "code",
   "execution_count": 4,
   "metadata": {},
   "outputs": [
    {
     "data": {
      "text/plain": [
       "tensor(11)"
      ]
     },
     "execution_count": 4,
     "metadata": {},
     "output_type": "execute_result"
    }
   ],
   "source": [
    "b = torch.tensor(6)\n",
    "a+b"
   ]
  },
  {
   "cell_type": "code",
   "execution_count": 5,
   "metadata": {},
   "outputs": [
    {
     "data": {
      "text/plain": [
       "tensor([[0., 0., 0., 0., 0.],\n",
       "        [0., 0., 0., 0., 0.],\n",
       "        [0., 0., 0., 0., 0.]])"
      ]
     },
     "execution_count": 5,
     "metadata": {},
     "output_type": "execute_result"
    }
   ],
   "source": [
    "c = torch.zeros(3,5).float()\n",
    "c"
   ]
  },
  {
   "cell_type": "markdown",
   "metadata": {},
   "source": [
    "*A note on broadcasting:* You may have noticed in the previous lab that NumPy is particular about the sizes of the arrays in operations; PyTorch is the same way.\n",
    "\n",
    "For example, if `A` has shape `(10,5)` and `b` has shape `(10,)`, then we can't compute `A*b`.  It wants the *last* dimensions to match, not the first ones.  So you would need to do either `A.T*b`."
   ]
  },
  {
   "cell_type": "code",
   "execution_count": 6,
   "metadata": {},
   "outputs": [],
   "source": [
    "A = np.random.normal(size=(10,5))\n",
    "b = np.ones(10)"
   ]
  },
  {
   "cell_type": "code",
   "execution_count": 7,
   "metadata": {},
   "outputs": [
    {
     "name": "stdout",
     "output_type": "stream",
     "text": [
      "operands could not be broadcast together with shapes (10,5) (10,) \n"
     ]
    }
   ],
   "source": [
    "try:\n",
    "    A*b\n",
    "except ValueError as e:\n",
    "    print(e)"
   ]
  },
  {
   "cell_type": "code",
   "execution_count": 8,
   "metadata": {},
   "outputs": [
    {
     "data": {
      "text/plain": [
       "array([[ 3.21385079e-01,  6.59079986e-01, -3.04642670e-01,\n",
       "         7.18591382e-02, -1.26587816e+00,  5.68001941e-01,\n",
       "        -7.42376443e-01,  1.34727676e+00, -7.52125753e-01,\n",
       "        -1.64221905e+00],\n",
       "       [ 5.69431710e-01,  9.64184857e-01, -1.10652684e+00,\n",
       "         2.20473236e+00, -2.32666203e+00, -9.88282527e-02,\n",
       "        -9.39001607e-01,  4.24797497e-01, -1.60407313e+00,\n",
       "        -4.56155906e-01],\n",
       "       [-2.65462082e-01,  9.21795022e-01, -1.35530665e+00,\n",
       "         5.61381138e-01, -1.25965764e+00,  6.52502607e-01,\n",
       "        -9.21587467e-01,  4.06561013e-01,  1.79163361e-01,\n",
       "        -5.66323026e-01],\n",
       "       [ 2.38590221e-01, -8.45061273e-02,  1.22072095e+00,\n",
       "         8.30033057e-01, -8.49665151e-01,  3.33083328e-01,\n",
       "        -7.34611521e-01, -5.08311548e-01,  6.37104244e-01,\n",
       "        -2.82181030e-01],\n",
       "       [ 1.70837482e+00,  4.62799004e-01, -1.29048331e+00,\n",
       "        -4.57657262e-01, -6.15198004e-04, -1.39385065e+00,\n",
       "         2.81806400e-01, -1.57626369e-01, -2.40893407e+00,\n",
       "         9.09687467e-01]])"
      ]
     },
     "execution_count": 8,
     "metadata": {},
     "output_type": "execute_result"
    }
   ],
   "source": [
    "A.T*b"
   ]
  },
  {
   "cell_type": "markdown",
   "metadata": {},
   "source": [
    "An alternative is to introduce an extra dimension of size one to $b$.  However, note that this produces the transposed result from before."
   ]
  },
  {
   "cell_type": "code",
   "execution_count": 9,
   "metadata": {},
   "outputs": [
    {
     "data": {
      "text/plain": [
       "array([[ 3.21385079e-01,  5.69431710e-01, -2.65462082e-01,\n",
       "         2.38590221e-01,  1.70837482e+00],\n",
       "       [ 6.59079986e-01,  9.64184857e-01,  9.21795022e-01,\n",
       "        -8.45061273e-02,  4.62799004e-01],\n",
       "       [-3.04642670e-01, -1.10652684e+00, -1.35530665e+00,\n",
       "         1.22072095e+00, -1.29048331e+00],\n",
       "       [ 7.18591382e-02,  2.20473236e+00,  5.61381138e-01,\n",
       "         8.30033057e-01, -4.57657262e-01],\n",
       "       [-1.26587816e+00, -2.32666203e+00, -1.25965764e+00,\n",
       "        -8.49665151e-01, -6.15198004e-04],\n",
       "       [ 5.68001941e-01, -9.88282527e-02,  6.52502607e-01,\n",
       "         3.33083328e-01, -1.39385065e+00],\n",
       "       [-7.42376443e-01, -9.39001607e-01, -9.21587467e-01,\n",
       "        -7.34611521e-01,  2.81806400e-01],\n",
       "       [ 1.34727676e+00,  4.24797497e-01,  4.06561013e-01,\n",
       "        -5.08311548e-01, -1.57626369e-01],\n",
       "       [-7.52125753e-01, -1.60407313e+00,  1.79163361e-01,\n",
       "         6.37104244e-01, -2.40893407e+00],\n",
       "       [-1.64221905e+00, -4.56155906e-01, -5.66323026e-01,\n",
       "        -2.82181030e-01,  9.09687467e-01]])"
      ]
     },
     "execution_count": 9,
     "metadata": {},
     "output_type": "execute_result"
    }
   ],
   "source": [
    "A*b[:,None]"
   ]
  },
  {
   "cell_type": "code",
   "execution_count": 10,
   "metadata": {},
   "outputs": [
    {
     "data": {
      "text/plain": [
       "array([[ 3.21385079e-01,  5.69431710e-01, -2.65462082e-01,\n",
       "         2.38590221e-01,  1.70837482e+00],\n",
       "       [ 6.59079986e-01,  9.64184857e-01,  9.21795022e-01,\n",
       "        -8.45061273e-02,  4.62799004e-01],\n",
       "       [-3.04642670e-01, -1.10652684e+00, -1.35530665e+00,\n",
       "         1.22072095e+00, -1.29048331e+00],\n",
       "       [ 7.18591382e-02,  2.20473236e+00,  5.61381138e-01,\n",
       "         8.30033057e-01, -4.57657262e-01],\n",
       "       [-1.26587816e+00, -2.32666203e+00, -1.25965764e+00,\n",
       "        -8.49665151e-01, -6.15198004e-04],\n",
       "       [ 5.68001941e-01, -9.88282527e-02,  6.52502607e-01,\n",
       "         3.33083328e-01, -1.39385065e+00],\n",
       "       [-7.42376443e-01, -9.39001607e-01, -9.21587467e-01,\n",
       "        -7.34611521e-01,  2.81806400e-01],\n",
       "       [ 1.34727676e+00,  4.24797497e-01,  4.06561013e-01,\n",
       "        -5.08311548e-01, -1.57626369e-01],\n",
       "       [-7.52125753e-01, -1.60407313e+00,  1.79163361e-01,\n",
       "         6.37104244e-01, -2.40893407e+00],\n",
       "       [-1.64221905e+00, -4.56155906e-01, -5.66323026e-01,\n",
       "        -2.82181030e-01,  9.09687467e-01]])"
      ]
     },
     "execution_count": 10,
     "metadata": {},
     "output_type": "execute_result"
    }
   ],
   "source": [
    "A*np.expand_dims(b,-1)"
   ]
  },
  {
   "cell_type": "markdown",
   "metadata": {},
   "source": [
    "In general, carefully check the sizes of all arrays in your code!"
   ]
  },
  {
   "cell_type": "code",
   "execution_count": 11,
   "metadata": {},
   "outputs": [],
   "source": [
    "from palmerpenguins import load_penguins\n",
    "from mlxtend.plotting import plot_decision_regions\n",
    "from matplotlib import pyplot as plt"
   ]
  },
  {
   "cell_type": "markdown",
   "metadata": {},
   "source": [
    "Here we loading and format the Palmer penguins dataset for binary classification."
   ]
  },
  {
   "cell_type": "code",
   "execution_count": 12,
   "metadata": {},
   "outputs": [],
   "source": [
    "df = load_penguins()\n",
    "\n",
    "# drop rows with missing values\n",
    "df.dropna(inplace=True)\n",
    "\n",
    "# tricky code to randomly shuffle the rows\n",
    "df = df.sample(frac=1).reset_index(drop=True)\n",
    "\n",
    "# select only two specices\n",
    "df = df[(df['species']=='Adelie')|(df['species']=='Chinstrap')]\n",
    "\n",
    "# get two features\n",
    "X = df[['flipper_length_mm','bill_length_mm']].values\n",
    "\n",
    "# convert speces labels to -1 and 1\n",
    "y = df['species'].map({'Adelie':-1,'Chinstrap':1}).values"
   ]
  },
  {
   "cell_type": "markdown",
   "metadata": {},
   "source": [
    "To make the learning algorithm work more smoothly, we we will subtract the mean of each feature.\n",
    "\n",
    "Here `np.mean` calculates a mean, and `axis=0` tells NumPy to calculate the mean over the rows (calculate the mean of each column)."
   ]
  },
  {
   "cell_type": "code",
   "execution_count": 13,
   "metadata": {},
   "outputs": [],
   "source": [
    "X -= np.mean(X,axis=0)"
   ]
  },
  {
   "cell_type": "markdown",
   "metadata": {},
   "source": [
    "Now we will convert our `X` and `y` arrays to torch Tensors."
   ]
  },
  {
   "cell_type": "code",
   "execution_count": 14,
   "metadata": {},
   "outputs": [],
   "source": [
    "X = torch.tensor(X).float()\n",
    "y = torch.tensor(y).float()"
   ]
  },
  {
   "cell_type": "code",
   "execution_count": 15,
   "metadata": {},
   "outputs": [
    {
     "data": {
      "text/plain": [
       "tensor([[ 1.0794e+00, -6.9047e+00],\n",
       "        [ 5.0794e+00,  8.2953e+00],\n",
       "        [-1.9206e+00, -7.0047e+00],\n",
       "        [ 9.0794e+00,  8.4953e+00],\n",
       "        [ 7.9439e-02, -4.7047e+00],\n",
       "        [-6.9206e+00, -3.8047e+00],\n",
       "        [-9.2056e-01, -2.4047e+00],\n",
       "        [-7.9206e+00, -1.1047e+00],\n",
       "        [ 6.0794e+00,  8.1953e+00],\n",
       "        [ 3.0794e+00,  5.5953e+00],\n",
       "        [-1.0921e+01, -5.5047e+00],\n",
       "        [-1.9206e+00, -3.2047e+00],\n",
       "        [ 1.0794e+00, -4.2047e+00],\n",
       "        [-8.9206e+00, -4.3047e+00],\n",
       "        [-2.9206e+00, -5.1047e+00],\n",
       "        [ 7.0794e+00,  6.0953e+00],\n",
       "        [ 7.0794e+00, -4.7047e+00],\n",
       "        [ 1.0794e+00,  3.6953e+00],\n",
       "        [-1.9206e+00,  4.3953e+00],\n",
       "        [ 6.0794e+00, -7.4047e+00],\n",
       "        [ 1.3079e+01, -9.0467e-01],\n",
       "        [-1.1921e+01, -4.3047e+00],\n",
       "        [ 5.0794e+00,  9.9953e+00],\n",
       "        [ 7.9439e-02, -9.0467e-01],\n",
       "        [-2.9206e+00, -9.0467e-01],\n",
       "        [-1.9206e+00,  8.0953e+00],\n",
       "        [ 9.0794e+00,  9.9953e+00],\n",
       "        [-7.9206e+00, -2.2047e+00],\n",
       "        [ 1.0079e+01, -6.0467e-01],\n",
       "        [-1.9206e+00, -6.0047e+00],\n",
       "        [-9.2056e-01,  3.1953e+00],\n",
       "        [ 3.0794e+00, -7.0467e-01],\n",
       "        [-1.9206e+00, -3.5047e+00],\n",
       "        [ 7.9439e-02,  4.4953e+00],\n",
       "        [ 1.0794e+00, -1.8047e+00],\n",
       "        [-4.9206e+00, -6.0047e+00],\n",
       "        [-1.9921e+01, -4.1047e+00],\n",
       "        [ 7.9439e-02, -4.0467e-01],\n",
       "        [ 4.0794e+00,  3.4953e+00],\n",
       "        [-1.0921e+01, -2.9047e+00],\n",
       "        [ 2.0079e+01,  6.9953e+00],\n",
       "        [ 9.0794e+00, -5.0467e-01],\n",
       "        [ 3.0794e+00, -6.5047e+00],\n",
       "        [-4.9206e+00,  1.1953e+00],\n",
       "        [ 1.1079e+01, -1.0047e+00],\n",
       "        [-6.9206e+00, -5.4047e+00],\n",
       "        [ 4.0794e+00,  8.8953e+00],\n",
       "        [-1.3921e+01, -4.8047e+00],\n",
       "        [-8.9206e+00, -1.4047e+00],\n",
       "        [-1.9206e+00, -3.9047e+00],\n",
       "        [-9.2056e-01, -3.2047e+00],\n",
       "        [ 1.0079e+01,  1.4953e+00],\n",
       "        [-4.9206e+00,  4.9533e-01],\n",
       "        [ 7.0794e+00, -1.4047e+00],\n",
       "        [ 5.0794e+00,  1.0195e+01],\n",
       "        [ 6.0794e+00, -4.3047e+00],\n",
       "        [-1.0921e+01, -3.1047e+00],\n",
       "        [ 4.0794e+00, -2.8047e+00],\n",
       "        [ 1.8079e+01,  8.7953e+00],\n",
       "        [ 2.0794e+00, -4.4047e+00],\n",
       "        [ 3.0794e+00,  7.6953e+00],\n",
       "        [ 1.0794e+00,  9.2953e+00],\n",
       "        [-1.3921e+01, -2.5047e+00],\n",
       "        [-1.9206e+00, -9.0467e-01],\n",
       "        [ 4.0794e+00,  8.8953e+00],\n",
       "        [ 3.0794e+00,  7.9533e-01],\n",
       "        [ 4.0794e+00,  2.0953e+00],\n",
       "        [-4.9206e+00, -3.9047e+00],\n",
       "        [-1.9206e+00, -3.1047e+00],\n",
       "        [ 1.0794e+00, -5.2047e+00],\n",
       "        [-9.2056e-01,  6.4953e+00],\n",
       "        [ 5.0794e+00,  9.2953e+00],\n",
       "        [-6.9206e+00, -3.0047e+00],\n",
       "        [-6.9206e+00, -6.3047e+00],\n",
       "        [ 4.0794e+00,  6.9533e-01],\n",
       "        [-5.9206e+00, -2.4047e+00],\n",
       "        [-1.7921e+01, -4.2047e+00],\n",
       "        [ 3.0794e+00, -5.0467e-01],\n",
       "        [-2.9206e+00, -3.7047e+00],\n",
       "        [ 1.8079e+01,  6.9953e+00],\n",
       "        [-4.9206e+00, -1.4047e+00],\n",
       "        [ 2.0794e+00,  3.9953e+00],\n",
       "        [ 6.0794e+00, -3.9047e+00],\n",
       "        [-7.9206e+00, -4.8047e+00],\n",
       "        [-6.9206e+00, -5.0047e+00],\n",
       "        [ 3.0794e+00, -1.7047e+00],\n",
       "        [-7.9206e+00, -2.3047e+00],\n",
       "        [ 1.3079e+01,  1.0795e+01],\n",
       "        [-1.9206e+00, -2.3047e+00],\n",
       "        [-9.2056e-01,  2.9533e-01],\n",
       "        [ 3.0794e+00,  9.5327e-02],\n",
       "        [-9.2056e-01, -6.4047e+00],\n",
       "        [-6.9206e+00, -5.0047e+00],\n",
       "        [-5.9206e+00, -6.8047e+00],\n",
       "        [-1.9206e+00, -4.2047e+00],\n",
       "        [-5.9206e+00, -2.4047e+00],\n",
       "        [-3.9206e+00, -9.0467e-01],\n",
       "        [-3.9206e+00, -9.9047e+00],\n",
       "        [ 3.0794e+00,  3.6953e+00],\n",
       "        [ 1.4079e+01,  9.8953e+00],\n",
       "        [-1.0921e+01, -4.4047e+00],\n",
       "        [-1.9206e+00, -1.3047e+00],\n",
       "        [ 3.0794e+00, -3.3047e+00],\n",
       "        [ 6.0794e+00, -2.0467e-01],\n",
       "        [ 5.0794e+00,  1.1953e+00],\n",
       "        [-1.9206e+00, -5.7047e+00],\n",
       "        [ 1.0794e+00, -4.1047e+00],\n",
       "        [ 2.0794e+00,  3.5953e+00],\n",
       "        [ 8.0794e+00, -4.6729e-03],\n",
       "        [ 1.3079e+01,  1.1495e+01],\n",
       "        [-4.9206e+00, -5.8047e+00],\n",
       "        [-2.9206e+00,  4.7953e+00],\n",
       "        [ 4.0794e+00,  8.9533e-01],\n",
       "        [-4.9206e+00,  4.1953e+00],\n",
       "        [-1.0921e+01,  1.5995e+01],\n",
       "        [ 1.0794e+00, -1.4047e+00],\n",
       "        [ 3.0794e+00,  3.9953e+00],\n",
       "        [ 7.0794e+00,  5.4953e+00],\n",
       "        [-1.9206e+00, -2.4047e+00],\n",
       "        [-9.2056e-01, -1.1047e+00],\n",
       "        [ 5.0794e+00,  1.0695e+01],\n",
       "        [ 6.0794e+00,  7.7953e+00],\n",
       "        [ 5.0794e+00,  1.9533e-01],\n",
       "        [-4.9206e+00, -5.8047e+00],\n",
       "        [-9.2056e-01, -6.0467e-01],\n",
       "        [ 3.0794e+00, -6.0047e+00],\n",
       "        [-7.9206e+00, -5.6047e+00],\n",
       "        [-1.9206e+00, -2.7047e+00],\n",
       "        [-1.1921e+01,  1.9533e-01],\n",
       "        [-9.2056e-01, -3.0047e+00],\n",
       "        [-1.1921e+01, -1.5047e+00],\n",
       "        [ 7.9439e-02,  1.1953e+00],\n",
       "        [-2.9206e+00, -6.3047e+00],\n",
       "        [ 1.0079e+01,  8.1953e+00],\n",
       "        [-2.9206e+00, -6.1047e+00],\n",
       "        [-9.2056e-01, -3.4047e+00],\n",
       "        [ 1.1079e+01,  8.6953e+00],\n",
       "        [ 1.8079e+01,  9.9953e+00],\n",
       "        [ 3.0794e+00,  7.1953e+00],\n",
       "        [ 1.0794e+00, -5.3047e+00],\n",
       "        [-3.9206e+00, -3.4047e+00],\n",
       "        [ 6.0794e+00,  3.1953e+00],\n",
       "        [-5.9206e+00, -3.0047e+00],\n",
       "        [-1.3921e+01, -8.9047e+00],\n",
       "        [-4.9206e+00,  9.4953e+00],\n",
       "        [ 1.1079e+01,  8.9953e+00],\n",
       "        [-1.9206e+00, -6.1047e+00],\n",
       "        [ 8.0794e+00,  7.4953e+00],\n",
       "        [-4.9206e+00,  4.9533e-01],\n",
       "        [ 6.0794e+00,  9.2953e+00],\n",
       "        [ 7.0794e+00, -3.4047e+00],\n",
       "        [-9.2056e-01,  4.3953e+00],\n",
       "        [ 3.0794e+00, -1.2047e+00],\n",
       "        [ 4.0794e+00, -2.4047e+00],\n",
       "        [ 9.0794e+00,  8.7953e+00],\n",
       "        [ 7.9439e-02, -7.0047e+00],\n",
       "        [ 1.0794e+00, -2.3047e+00],\n",
       "        [ 4.0794e+00, -1.7047e+00],\n",
       "        [-1.3921e+01,  4.0953e+00],\n",
       "        [ 1.5079e+01,  1.3795e+01],\n",
       "        [-4.9206e+00, -5.3047e+00],\n",
       "        [-9.2056e-01, -4.7047e+00],\n",
       "        [ 1.8079e+01,  2.0953e+00],\n",
       "        [-5.9206e+00, -2.5047e+00],\n",
       "        [ 9.0794e+00,  9.3953e+00],\n",
       "        [-9.9206e+00, -5.5047e+00],\n",
       "        [-5.9206e+00, -6.0047e+00],\n",
       "        [-3.9206e+00, -1.9047e+00],\n",
       "        [-1.0921e+01,  3.9533e-01],\n",
       "        [-1.9206e+00, -6.5047e+00],\n",
       "        [ 8.0794e+00, -1.8047e+00],\n",
       "        [ 1.1079e+01,  7.2953e+00],\n",
       "        [-7.9206e+00, -7.6047e+00],\n",
       "        [ 7.9439e-02,  4.8953e+00],\n",
       "        [-4.9206e+00, -1.5047e+00],\n",
       "        [ 1.6079e+01, -1.2047e+00],\n",
       "        [-1.0921e+01, -3.9047e+00],\n",
       "        [-4.9206e+00, -5.8047e+00],\n",
       "        [-1.9206e+00, -2.8047e+00],\n",
       "        [ 2.0794e+00,  9.6953e+00],\n",
       "        [-1.1921e+01, -3.2047e+00],\n",
       "        [-1.5921e+01, -1.8047e+00],\n",
       "        [ 1.0794e+00, -2.3047e+00],\n",
       "        [-9.9206e+00, -9.0467e-01],\n",
       "        [ 9.0794e+00,  1.2195e+01],\n",
       "        [-3.9206e+00,  3.3953e+00],\n",
       "        [ 1.0794e+00,  7.5953e+00],\n",
       "        [-1.9206e+00,  3.8953e+00],\n",
       "        [-7.9206e+00, -5.4047e+00],\n",
       "        [ 2.0794e+00, -7.0467e-01],\n",
       "        [-4.9206e+00, -7.5047e+00],\n",
       "        [-6.9206e+00,  4.9953e+00],\n",
       "        [-1.9206e+00, -8.5047e+00],\n",
       "        [ 5.0794e+00,  4.9533e-01],\n",
       "        [ 3.0794e+00, -2.8047e+00],\n",
       "        [ 1.0079e+01, -6.3047e+00],\n",
       "        [ 5.0794e+00,  1.0953e+00],\n",
       "        [ 1.0794e+00,  4.5953e+00],\n",
       "        [-4.9206e+00, -6.7047e+00],\n",
       "        [-4.9206e+00, -1.1047e+00],\n",
       "        [ 5.0794e+00,  3.7953e+00],\n",
       "        [ 3.0794e+00,  4.6953e+00],\n",
       "        [-6.9206e+00, -8.0047e+00],\n",
       "        [ 1.0794e+00,  8.5953e+00],\n",
       "        [ 4.0794e+00,  7.9953e+00],\n",
       "        [-6.9206e+00, -4.4047e+00],\n",
       "        [-9.2056e-01,  3.5953e+00],\n",
       "        [-3.9206e+00, -2.5047e+00],\n",
       "        [-9.9206e+00, -9.0467e-01],\n",
       "        [-1.9206e+00, -3.8047e+00],\n",
       "        [ 7.0794e+00, -4.5047e+00],\n",
       "        [ 8.0794e+00,  8.4953e+00],\n",
       "        [ 3.0794e+00, -5.6047e+00],\n",
       "        [-2.9206e+00, -7.4047e+00]])"
      ]
     },
     "execution_count": 15,
     "metadata": {},
     "output_type": "execute_result"
    }
   ],
   "source": [
    "X"
   ]
  },
  {
   "cell_type": "markdown",
   "metadata": {},
   "source": [
    "### Exercises\n",
    "\n",
    "Your task is to again complete this class for the perceptron, with two changes from last time:\n",
    "- the implementation should use PyTorch tensors, not NumPy arrays;\n",
    "- `train_step` now accepts the entire dataset as input and should calculate the average gradient over all examples, rather than updating the weights one data point at a time."
   ]
  },
  {
   "cell_type": "code",
   "execution_count": 16,
   "metadata": {},
   "outputs": [],
   "source": [
    "class Perceptron:\n",
    "    def __init__(self,lr=1e-3):\n",
    "        # store the learning rate\n",
    "        self.lr = lr\n",
    "\n",
    "        # initialize the weights to small, normally-distributed values\n",
    "        self.w = torch.normal(mean=0, std=0.01, size=(2,))\n",
    "\n",
    "        # initialize the bias to zero\n",
    "        self.b = torch.zeros(1)\n",
    "\n",
    "    def train_step(self,X:torch.Tensor,y:torch.Tensor) -> None:\n",
    "        \"\"\" Apply the first update rule shown in lecture.\n",
    "            Arguments:\n",
    "             x: data matrix of shape (N,3)\n",
    "             y: labels of shape (N,) \n",
    "        \"\"\"\n",
    "        # WRITE CODE HERE\n",
    "        z = torch.matmul(X,self.w) + self.b\n",
    "        self.w += self.lr*torch.matmul((y-z),X)\n",
    "        self.b += self.lr*torch.sum(y-z)\n",
    "    \n",
    "    def predict(self,X:torch.Tensor) -> torch.Tensor:\n",
    "        \"\"\" Calculate model prediction for all data points.\n",
    "            Arguments:\n",
    "             X: data matrix of shape (N,3)   \n",
    "            Returns:\n",
    "             Predicted labels (-1 or 1) of shape (N,)\n",
    "        \"\"\"\n",
    "        # WRITE CODE HERE\n",
    "        z = torch.matmul(X,self.w) + self.b\n",
    "        return torch.where(z>0,1,-1)\n",
    "    \n",
    "    def score(self,X:torch.Tensor,y:torch.Tensor) -> torch.Tensor:\n",
    "        \"\"\" Calculate model accuracy\n",
    "            Arguments:\n",
    "             X: data matrix of shape (N,3)   \n",
    "             y: labels of shape (N,)\n",
    "            Returns:\n",
    "             Accuracy score\n",
    "        \"\"\"\n",
    "        # WRITE CODE HERE\n",
    "        preds = self.predict(X)\n",
    "        return (preds == y).float().mean().item()\n"
   ]
  },
  {
   "cell_type": "markdown",
   "metadata": {},
   "source": [
    "Run the following code to train the model and print out the accuracy at each step."
   ]
  },
  {
   "cell_type": "code",
   "execution_count": 17,
   "metadata": {},
   "outputs": [
    {
     "name": "stdout",
     "output_type": "stream",
     "text": [
      "step 0: 0.836448609828949\n",
      "step 1: 0.9158878326416016\n",
      "step 2: 0.9158878326416016\n",
      "step 3: 0.9299065470695496\n",
      "step 4: 0.9299065470695496\n",
      "step 5: 0.9345794320106506\n",
      "step 6: 0.9392523169517517\n",
      "step 7: 0.9392523169517517\n",
      "step 8: 0.9392523169517517\n",
      "step 9: 0.9439252614974976\n",
      "step 10: 0.9439252614974976\n",
      "step 11: 0.9439252614974976\n",
      "step 12: 0.9439252614974976\n",
      "step 13: 0.9532710313796997\n",
      "step 14: 0.9532710313796997\n",
      "step 15: 0.9532710313796997\n",
      "step 16: 0.9532710313796997\n",
      "step 17: 0.9579439163208008\n",
      "step 18: 0.9579439163208008\n",
      "step 19: 0.9439252614974976\n",
      "step 20: 0.9485981464385986\n",
      "step 21: 0.9532710313796997\n",
      "step 22: 0.9532710313796997\n",
      "step 23: 0.9532710313796997\n",
      "step 24: 0.9579439163208008\n",
      "step 25: 0.9579439163208008\n",
      "step 26: 0.9579439163208008\n",
      "step 27: 0.9579439163208008\n",
      "step 28: 0.9532710313796997\n",
      "step 29: 0.9532710313796997\n",
      "step 30: 0.9532710313796997\n",
      "step 31: 0.9579439163208008\n",
      "step 32: 0.9579439163208008\n",
      "step 33: 0.9579439163208008\n",
      "step 34: 0.9579439163208008\n",
      "step 35: 0.9579439163208008\n",
      "step 36: 0.9579439163208008\n",
      "step 37: 0.9579439163208008\n",
      "step 38: 0.9579439163208008\n",
      "step 39: 0.9579439163208008\n",
      "step 40: 0.9579439163208008\n",
      "step 41: 0.9579439163208008\n",
      "step 42: 0.9579439163208008\n",
      "step 43: 0.9579439163208008\n",
      "step 44: 0.9579439163208008\n",
      "step 45: 0.9579439163208008\n",
      "step 46: 0.9532710313796997\n",
      "step 47: 0.9532710313796997\n",
      "step 48: 0.9532710313796997\n",
      "step 49: 0.9532710313796997\n",
      "step 50: 0.9532710313796997\n",
      "step 51: 0.9532710313796997\n",
      "step 52: 0.9532710313796997\n",
      "step 53: 0.9532710313796997\n",
      "step 54: 0.9532710313796997\n",
      "step 55: 0.9532710313796997\n",
      "step 56: 0.9532710313796997\n",
      "step 57: 0.9532710313796997\n",
      "step 58: 0.9532710313796997\n",
      "step 59: 0.9532710313796997\n",
      "step 60: 0.9532710313796997\n",
      "step 61: 0.9532710313796997\n",
      "step 62: 0.9532710313796997\n",
      "step 63: 0.9532710313796997\n",
      "step 64: 0.9532710313796997\n",
      "step 65: 0.9579439163208008\n",
      "step 66: 0.9579439163208008\n",
      "step 67: 0.9579439163208008\n",
      "step 68: 0.9579439163208008\n",
      "step 69: 0.9579439163208008\n",
      "step 70: 0.9579439163208008\n",
      "step 71: 0.9579439163208008\n",
      "step 72: 0.9579439163208008\n",
      "step 73: 0.9579439163208008\n",
      "step 74: 0.9579439163208008\n",
      "step 75: 0.9579439163208008\n",
      "step 76: 0.9579439163208008\n",
      "step 77: 0.9579439163208008\n",
      "step 78: 0.9579439163208008\n",
      "step 79: 0.9579439163208008\n",
      "step 80: 0.9579439163208008\n",
      "step 81: 0.9579439163208008\n",
      "step 82: 0.9579439163208008\n",
      "step 83: 0.9579439163208008\n",
      "step 84: 0.9579439163208008\n",
      "step 85: 0.9579439163208008\n",
      "step 86: 0.9579439163208008\n",
      "step 87: 0.9579439163208008\n",
      "step 88: 0.9579439163208008\n",
      "step 89: 0.9579439163208008\n",
      "step 90: 0.9579439163208008\n",
      "step 91: 0.9579439163208008\n",
      "step 92: 0.9579439163208008\n",
      "step 93: 0.9579439163208008\n",
      "step 94: 0.9579439163208008\n",
      "step 95: 0.9579439163208008\n",
      "step 96: 0.9579439163208008\n",
      "step 97: 0.9579439163208008\n",
      "step 98: 0.9579439163208008\n",
      "step 99: 0.9579439163208008\n",
      "step 100: 0.9579439163208008\n",
      "step 101: 0.9579439163208008\n",
      "step 102: 0.9579439163208008\n",
      "step 103: 0.9579439163208008\n",
      "step 104: 0.9579439163208008\n",
      "step 105: 0.9579439163208008\n",
      "step 106: 0.9579439163208008\n",
      "step 107: 0.9579439163208008\n",
      "step 108: 0.9579439163208008\n",
      "step 109: 0.9579439163208008\n",
      "step 110: 0.9579439163208008\n",
      "step 111: 0.9579439163208008\n",
      "step 112: 0.9579439163208008\n",
      "step 113: 0.9579439163208008\n",
      "step 114: 0.9579439163208008\n",
      "step 115: 0.9579439163208008\n",
      "step 116: 0.9579439163208008\n",
      "step 117: 0.9579439163208008\n",
      "step 118: 0.9579439163208008\n",
      "step 119: 0.9579439163208008\n",
      "step 120: 0.9579439163208008\n",
      "step 121: 0.9579439163208008\n",
      "step 122: 0.9579439163208008\n",
      "step 123: 0.9579439163208008\n",
      "step 124: 0.9579439163208008\n",
      "step 125: 0.9579439163208008\n",
      "step 126: 0.9579439163208008\n",
      "step 127: 0.9579439163208008\n",
      "step 128: 0.9579439163208008\n",
      "step 129: 0.9579439163208008\n",
      "step 130: 0.9579439163208008\n",
      "step 131: 0.9579439163208008\n",
      "step 132: 0.9579439163208008\n",
      "step 133: 0.9579439163208008\n",
      "step 134: 0.9579439163208008\n",
      "step 135: 0.9579439163208008\n",
      "step 136: 0.9579439163208008\n",
      "step 137: 0.9579439163208008\n",
      "step 138: 0.9579439163208008\n",
      "step 139: 0.9579439163208008\n",
      "step 140: 0.9579439163208008\n",
      "step 141: 0.9579439163208008\n",
      "step 142: 0.9579439163208008\n",
      "step 143: 0.9579439163208008\n",
      "step 144: 0.9579439163208008\n",
      "step 145: 0.9579439163208008\n",
      "step 146: 0.9579439163208008\n",
      "step 147: 0.9579439163208008\n",
      "step 148: 0.9579439163208008\n",
      "step 149: 0.9579439163208008\n",
      "step 150: 0.9579439163208008\n",
      "step 151: 0.9579439163208008\n",
      "step 152: 0.9579439163208008\n",
      "step 153: 0.9579439163208008\n",
      "step 154: 0.9579439163208008\n",
      "step 155: 0.9579439163208008\n",
      "step 156: 0.9579439163208008\n",
      "step 157: 0.9579439163208008\n",
      "step 158: 0.9579439163208008\n",
      "step 159: 0.9579439163208008\n",
      "step 160: 0.9579439163208008\n",
      "step 161: 0.9579439163208008\n",
      "step 162: 0.9579439163208008\n",
      "step 163: 0.9579439163208008\n",
      "step 164: 0.9579439163208008\n",
      "step 165: 0.9579439163208008\n",
      "step 166: 0.9579439163208008\n",
      "step 167: 0.9579439163208008\n",
      "step 168: 0.9579439163208008\n",
      "step 169: 0.9579439163208008\n",
      "step 170: 0.9579439163208008\n",
      "step 171: 0.9579439163208008\n",
      "step 172: 0.9579439163208008\n",
      "step 173: 0.9579439163208008\n",
      "step 174: 0.9579439163208008\n",
      "step 175: 0.9579439163208008\n",
      "step 176: 0.9579439163208008\n",
      "step 177: 0.9579439163208008\n",
      "step 178: 0.9579439163208008\n",
      "step 179: 0.9579439163208008\n",
      "step 180: 0.9579439163208008\n",
      "step 181: 0.9579439163208008\n",
      "step 182: 0.9579439163208008\n",
      "step 183: 0.9579439163208008\n",
      "step 184: 0.9579439163208008\n",
      "step 185: 0.9579439163208008\n",
      "step 186: 0.9579439163208008\n",
      "step 187: 0.9579439163208008\n",
      "step 188: 0.9579439163208008\n",
      "step 189: 0.9579439163208008\n",
      "step 190: 0.9579439163208008\n",
      "step 191: 0.9579439163208008\n",
      "step 192: 0.9579439163208008\n",
      "step 193: 0.9579439163208008\n",
      "step 194: 0.9579439163208008\n",
      "step 195: 0.9579439163208008\n",
      "step 196: 0.9579439163208008\n",
      "step 197: 0.9579439163208008\n",
      "step 198: 0.9579439163208008\n",
      "step 199: 0.9579439163208008\n",
      "step 200: 0.9579439163208008\n",
      "step 201: 0.9579439163208008\n",
      "step 202: 0.9579439163208008\n",
      "step 203: 0.9579439163208008\n",
      "step 204: 0.9579439163208008\n",
      "step 205: 0.9579439163208008\n",
      "step 206: 0.9579439163208008\n",
      "step 207: 0.9579439163208008\n",
      "step 208: 0.9579439163208008\n",
      "step 209: 0.9579439163208008\n",
      "step 210: 0.9579439163208008\n",
      "step 211: 0.9579439163208008\n",
      "step 212: 0.9579439163208008\n",
      "step 213: 0.9579439163208008\n",
      "step 214: 0.9579439163208008\n",
      "step 215: 0.9579439163208008\n",
      "step 216: 0.9579439163208008\n",
      "step 217: 0.9579439163208008\n",
      "step 218: 0.9579439163208008\n",
      "step 219: 0.9579439163208008\n",
      "step 220: 0.9579439163208008\n",
      "step 221: 0.9579439163208008\n",
      "step 222: 0.9579439163208008\n",
      "step 223: 0.9579439163208008\n",
      "step 224: 0.9579439163208008\n",
      "step 225: 0.9579439163208008\n",
      "step 226: 0.9579439163208008\n",
      "step 227: 0.9579439163208008\n",
      "step 228: 0.9579439163208008\n",
      "step 229: 0.9579439163208008\n",
      "step 230: 0.9579439163208008\n",
      "step 231: 0.9579439163208008\n",
      "step 232: 0.9579439163208008\n",
      "step 233: 0.9579439163208008\n",
      "step 234: 0.9579439163208008\n",
      "step 235: 0.9579439163208008\n",
      "step 236: 0.9579439163208008\n",
      "step 237: 0.9579439163208008\n",
      "step 238: 0.9579439163208008\n",
      "step 239: 0.9579439163208008\n",
      "step 240: 0.9579439163208008\n",
      "step 241: 0.9579439163208008\n",
      "step 242: 0.9579439163208008\n",
      "step 243: 0.9579439163208008\n",
      "step 244: 0.9579439163208008\n",
      "step 245: 0.9579439163208008\n",
      "step 246: 0.9579439163208008\n",
      "step 247: 0.9579439163208008\n",
      "step 248: 0.9579439163208008\n",
      "step 249: 0.9579439163208008\n",
      "step 250: 0.9579439163208008\n",
      "step 251: 0.9579439163208008\n",
      "step 252: 0.9579439163208008\n",
      "step 253: 0.9579439163208008\n",
      "step 254: 0.9579439163208008\n",
      "step 255: 0.9579439163208008\n",
      "step 256: 0.9579439163208008\n",
      "step 257: 0.9579439163208008\n",
      "step 258: 0.9579439163208008\n",
      "step 259: 0.9579439163208008\n",
      "step 260: 0.9579439163208008\n",
      "step 261: 0.9579439163208008\n",
      "step 262: 0.9579439163208008\n",
      "step 263: 0.9579439163208008\n",
      "step 264: 0.9579439163208008\n",
      "step 265: 0.9579439163208008\n",
      "step 266: 0.9579439163208008\n",
      "step 267: 0.9579439163208008\n",
      "step 268: 0.9579439163208008\n",
      "step 269: 0.9579439163208008\n",
      "step 270: 0.9579439163208008\n",
      "step 271: 0.9579439163208008\n",
      "step 272: 0.9579439163208008\n",
      "step 273: 0.9579439163208008\n",
      "step 274: 0.9579439163208008\n",
      "step 275: 0.9579439163208008\n",
      "step 276: 0.9579439163208008\n",
      "step 277: 0.9579439163208008\n",
      "step 278: 0.9579439163208008\n",
      "step 279: 0.9579439163208008\n",
      "step 280: 0.9579439163208008\n",
      "step 281: 0.9579439163208008\n",
      "step 282: 0.9579439163208008\n",
      "step 283: 0.9579439163208008\n",
      "step 284: 0.9579439163208008\n",
      "step 285: 0.9579439163208008\n",
      "step 286: 0.9579439163208008\n",
      "step 287: 0.9579439163208008\n",
      "step 288: 0.9579439163208008\n",
      "step 289: 0.9579439163208008\n",
      "step 290: 0.9579439163208008\n",
      "step 291: 0.9579439163208008\n",
      "step 292: 0.9579439163208008\n",
      "step 293: 0.9579439163208008\n",
      "step 294: 0.9579439163208008\n",
      "step 295: 0.9579439163208008\n",
      "step 296: 0.9579439163208008\n",
      "step 297: 0.9579439163208008\n",
      "step 298: 0.9579439163208008\n",
      "step 299: 0.9579439163208008\n",
      "step 300: 0.9579439163208008\n",
      "step 301: 0.9579439163208008\n",
      "step 302: 0.9579439163208008\n",
      "step 303: 0.9579439163208008\n",
      "step 304: 0.9579439163208008\n",
      "step 305: 0.9579439163208008\n",
      "step 306: 0.9579439163208008\n",
      "step 307: 0.9579439163208008\n",
      "step 308: 0.9579439163208008\n",
      "step 309: 0.9579439163208008\n",
      "step 310: 0.9579439163208008\n",
      "step 311: 0.9579439163208008\n",
      "step 312: 0.9579439163208008\n",
      "step 313: 0.9579439163208008\n",
      "step 314: 0.9579439163208008\n",
      "step 315: 0.9579439163208008\n",
      "step 316: 0.9579439163208008\n",
      "step 317: 0.9579439163208008\n",
      "step 318: 0.9579439163208008\n",
      "step 319: 0.9579439163208008\n",
      "step 320: 0.9579439163208008\n",
      "step 321: 0.9579439163208008\n",
      "step 322: 0.9579439163208008\n",
      "step 323: 0.9579439163208008\n",
      "step 324: 0.9579439163208008\n",
      "step 325: 0.9579439163208008\n",
      "step 326: 0.9579439163208008\n",
      "step 327: 0.9579439163208008\n",
      "step 328: 0.9579439163208008\n",
      "step 329: 0.9579439163208008\n",
      "step 330: 0.9579439163208008\n",
      "step 331: 0.9579439163208008\n",
      "step 332: 0.9579439163208008\n",
      "step 333: 0.9579439163208008\n",
      "step 334: 0.9579439163208008\n",
      "step 335: 0.9579439163208008\n",
      "step 336: 0.9579439163208008\n",
      "step 337: 0.9579439163208008\n",
      "step 338: 0.9579439163208008\n",
      "step 339: 0.9579439163208008\n",
      "step 340: 0.9579439163208008\n",
      "step 341: 0.9579439163208008\n",
      "step 342: 0.9579439163208008\n",
      "step 343: 0.9579439163208008\n",
      "step 344: 0.9579439163208008\n",
      "step 345: 0.9579439163208008\n",
      "step 346: 0.9579439163208008\n",
      "step 347: 0.9579439163208008\n",
      "step 348: 0.9579439163208008\n",
      "step 349: 0.9579439163208008\n",
      "step 350: 0.9579439163208008\n",
      "step 351: 0.9579439163208008\n",
      "step 352: 0.9579439163208008\n",
      "step 353: 0.9579439163208008\n",
      "step 354: 0.9579439163208008\n",
      "step 355: 0.9579439163208008\n",
      "step 356: 0.9579439163208008\n",
      "step 357: 0.9579439163208008\n",
      "step 358: 0.9579439163208008\n",
      "step 359: 0.9579439163208008\n",
      "step 360: 0.9579439163208008\n",
      "step 361: 0.9579439163208008\n",
      "step 362: 0.9579439163208008\n",
      "step 363: 0.9579439163208008\n",
      "step 364: 0.9579439163208008\n",
      "step 365: 0.9579439163208008\n",
      "step 366: 0.9579439163208008\n",
      "step 367: 0.9579439163208008\n",
      "step 368: 0.9579439163208008\n",
      "step 369: 0.9579439163208008\n",
      "step 370: 0.9579439163208008\n",
      "step 371: 0.9579439163208008\n",
      "step 372: 0.9579439163208008\n",
      "step 373: 0.9579439163208008\n",
      "step 374: 0.9579439163208008\n",
      "step 375: 0.9579439163208008\n",
      "step 376: 0.9579439163208008\n",
      "step 377: 0.9579439163208008\n",
      "step 378: 0.9579439163208008\n",
      "step 379: 0.9579439163208008\n",
      "step 380: 0.9579439163208008\n",
      "step 381: 0.9579439163208008\n",
      "step 382: 0.9579439163208008\n",
      "step 383: 0.9579439163208008\n",
      "step 384: 0.9579439163208008\n",
      "step 385: 0.9579439163208008\n",
      "step 386: 0.9579439163208008\n",
